   3.4639067e+00
   8.9041855e+00
   1.1107441e+01
   9.7199229e+00
   1.5349126e+01
   1.2259333e+01
   1.2347384e+01
   1.0452765e+01
   7.1041729e+00
   2.9945139e+01
   1.7383204e+01
   2.2511261e+01
   1.8881033e+01
   1.4903204e+01
   1.5937966e+01
   1.7737304e+01
   3.6542196e+01
   3.1617983e+01
   2.3604539e+01
   3.4424448e+01
   3.7371034e+01
   3.3308574e+01
   3.2216811e+01
   3.8773361e+01
   4.0652290e+01
   3.8647653e+01
   4.6591091e+01
   3.9197690e+01
   4.7629555e+01
   3.7350436e+01
   3.8125749e+01
   3.9481192e+01
   5.2941105e+01
   4.7630833e+01
   4.7360346e+01
   4.6813023e+01
   3.9229063e+01
   4.5922198e+01
   5.9991947e+01
   4.7311893e+01
   5.8276576e+01
   5.5800972e+01
   5.3509580e+01
   5.7073014e+01
   6.1698397e+01
   5.1796166e+01
   6.6390694e+01
   6.1932480e+01
   6.6600437e+01
   6.6678991e+01
   6.0534040e+01
   6.9371497e+01
   6.2771620e+01
   6.3576974e+01
   7.1065088e+01
   7.9686172e+01
   6.9291414e+01
   7.9728453e+01
   7.5221484e+01
   7.8640938e+01
   8.1410557e+01
   8.7742178e+01
   7.6695637e+01
   8.7364797e+01
   8.5936350e+01
   8.3966244e+01
   9.3932163e+01
   8.4158667e+01
   8.7248727e+01
   8.9047498e+01
   8.6209150e+01
   9.7927702e+01
   8.8589234e+01
   9.1992422e+01
   8.9330109e+01
   9.5997558e+01
   1.0228164e+02
   8.9912723e+01
   1.0559048e+02
   1.0730072e+02
   9.4809789e+01
   9.7424711e+01
   1.0210117e+02
   1.0735734e+02
   1.0954788e+02
   1.0701462e+02
   1.0784953e+02
   1.0747740e+02
   1.0594615e+02
   1.1766881e+02
   1.0289906e+02
   1.1506992e+02
   1.1346063e+02
   1.1999408e+02
   1.2273547e+02
   1.2249564e+02
   1.1533745e+02
   1.1698307e+02
   1.2023162e+02
   1.1466334e+02
   1.1758344e+02
   1.1789264e+02
   1.2246134e+02
   1.2907644e+02
   1.2372404e+02
   1.1824034e+02
   1.2784540e+02
   1.2992502e+02
   1.2658735e+02
   1.2952622e+02
   1.3058543e+02
   1.3564405e+02
   1.3359224e+02
   1.3426122e+02
   1.3527542e+02
   1.3028083e+02
   1.4151145e+02
   1.2112128e+02
   1.3874422e+02
   1.3998563e+02
   1.3807235e+02
   1.3635529e+02
   1.3387704e+02
   1.3767850e+02
   1.4621407e+02
   1.3395613e+02
   1.4483207e+02
   1.5374597e+02
   1.5201031e+02
   1.4909703e+02
   1.4076733e+02
   1.5527254e+02
   1.5410475e+02
   1.4934665e+02
   1.5148025e+02
   1.4865317e+02
   1.5409678e+02
   1.5979664e+02
   1.5387692e+02
   1.5951325e+02
   1.5474689e+02
   1.5121651e+02
   1.6101555e+02
   1.6364010e+02
   1.6295022e+02
   1.6506394e+02
   1.5311375e+02
   1.6127321e+02
   1.6560605e+02
   1.6589632e+02
   1.6475076e+02
   1.6172307e+02
   1.6237804e+02
   1.7114953e+02
   1.7060557e+02
   1.6235922e+02
   1.7091635e+02
   1.7312279e+02
   1.6850495e+02
   1.6612768e+02
   1.7448407e+02
   1.6866613e+02
   1.7886316e+02
   1.7318802e+02
   1.7463522e+02
   1.7497537e+02
   1.7937135e+02
   1.6561125e+02
   1.7226032e+02
   1.7850964e+02
   1.8089765e+02
   1.8330730e+02
   1.8556149e+02
   1.7958253e+02
   1.9432355e+02
   1.8068783e+02
   1.8107378e+02
   1.9188109e+02
   1.8764037e+02
   1.8132622e+02
   1.8653454e+02
   1.8359994e+02
   1.8705176e+02
   1.8558946e+02
   1.8294017e+02
   1.8894209e+02
   1.9020833e+02
   1.9095581e+02
   1.9123050e+02
   1.9064128e+02
   1.9461695e+02
   1.9663333e+02
   2.0033465e+02
   1.9867746e+02
   2.0294912e+02
   1.9420939e+02
   1.9390441e+02
   1.9706729e+02
   2.0179601e+02
   1.9979068e+02
   2.0066048e+02
   2.0617958e+02
   2.0410388e+02
   2.0895938e+02
   2.0255799e+02
   2.0263988e+02
   2.0441188e+02
   2.0370911e+02
   2.1107417e+02
   2.1404678e+02
   2.0619176e+02
   2.0776931e+02
   2.1359389e+02
   2.1122762e+02
   2.1188194e+02
   2.0753160e+02
   2.0842550e+02
   2.0980072e+02
   2.1941652e+02
   2.2182588e+02
   2.1181473e+02
   2.1860171e+02
   2.1683952e+02
   2.1337286e+02
   2.1524451e+02
   2.2357611e+02
   2.1861875e+02
   2.2050143e+02
   2.2315747e+02
   2.2800565e+02
   2.1756043e+02
   2.2207980e+02
   2.2694371e+02
   2.2800987e+02
   2.2260765e+02
   2.1589527e+02
   2.3378244e+02
   2.2165861e+02
   2.2591010e+02
   2.2475066e+02
   2.3045264e+02
   2.2816923e+02
   2.3999607e+02
   2.2510203e+02
   2.2816957e+02
   2.2713222e+02
   2.3646492e+02
   2.2558318e+02
   2.3889747e+02
   2.2995488e+02
   2.3276988e+02
   2.2823110e+02
   2.3126707e+02
   2.3399942e+02
   2.2656777e+02
   2.3660805e+02
   2.4887968e+02
   2.4622679e+02
   2.3459687e+02
   2.4040559e+02
   2.4414495e+02
   2.4090114e+02
   2.4330070e+02
   2.4979288e+02
   2.4083031e+02
   2.5235947e+02
   2.4944013e+02
   2.5128917e+02
   2.4397670e+02
   2.4180588e+02
   2.3770173e+02
   2.5318807e+02
   2.4127474e+02
   2.4835681e+02
   2.4859661e+02
   2.4349914e+02
   2.4786980e+02
   2.4546902e+02
   2.4698140e+02
   2.4931508e+02
   2.4788126e+02
   2.4519107e+02
   2.5043789e+02
   2.4875192e+02
   2.6440202e+02
   2.4889481e+02
   2.5519649e+02
   2.5838107e+02
   2.6001510e+02
   2.5632813e+02
   2.6070977e+02
   2.5663635e+02
   2.5817074e+02
   2.5415936e+02
   2.6293085e+02
   2.6329936e+02
   2.5748281e+02
   2.5638049e+02
   2.6993334e+02
   2.6141068e+02
   2.5495509e+02
   2.5598368e+02
   2.6044491e+02
   2.6570439e+02
   2.5775716e+02
   2.6212095e+02
   2.6458930e+02
   2.6242852e+02
   2.6424608e+02
   2.6188633e+02
   2.7088838e+02
   2.7052015e+02
   2.6485172e+02
   2.6629374e+02
   2.6788371e+02
   2.7178915e+02
   2.7066439e+02
   2.6803232e+02
   2.6447680e+02
   2.6289450e+02
   2.7309409e+02
   2.6580350e+02
   2.6932191e+02
   2.7002311e+02
   2.8000245e+02
   2.7343315e+02
   2.6934857e+02
   2.7500265e+02
   2.7547313e+02
   2.7940350e+02
   2.6451317e+02
   2.7926404e+02
   2.8419339e+02
   2.7716109e+02
   2.7060266e+02
   2.7748230e+02
   2.7478069e+02
   2.8441540e+02
   2.7861906e+02
   2.7474949e+02
   2.7901324e+02
   2.8250753e+02
   2.7225540e+02
   2.7099346e+02
   2.8261808e+02
   2.8918931e+02
   2.8085511e+02
   2.8175271e+02
   2.8121399e+02
   2.8251861e+02
   2.8506019e+02
   2.7038994e+02
   2.8334498e+02
   2.7584269e+02
   2.9020644e+02
   2.8283347e+02
   2.9296240e+02
   2.7887145e+02
   2.8623890e+02
   2.8722992e+02
   2.8765633e+02
   2.9422536e+02
   2.8800592e+02
   2.9116906e+02
   2.8894189e+02
   2.8690432e+02
   2.9748797e+02
   2.9187328e+02
   2.8459888e+02
   2.8015315e+02
   2.9269617e+02
   2.8314648e+02
   2.9207560e+02
   2.9447432e+02
   2.9285688e+02
   2.8913543e+02
   2.8983369e+02
   2.9561753e+02
   2.9552858e+02
   2.8439879e+02
   3.0042832e+02
   2.8695141e+02
   3.1231360e+02
   3.0565581e+02
   2.9863971e+02
   3.0581047e+02
   2.9564122e+02
   2.9211625e+02
   2.9032513e+02
   3.0103837e+02
   2.9723009e+02
   2.9814069e+02
   2.9318390e+02
   3.0566694e+02
   3.0120319e+02
   3.0345355e+02
   2.9782498e+02
   2.9974018e+02
   3.0192034e+02
   3.0166521e+02
   3.0251113e+02
   2.9652486e+02
   3.0329127e+02
   3.0077053e+02
   3.0658868e+02
   3.0848331e+02
   3.0684618e+02
   3.0011923e+02
   3.0067336e+02
   2.9931955e+02
   3.0384252e+02
   2.9947393e+02
   3.0891659e+02
   2.9881314e+02
   2.9510246e+02
   3.1441494e+02
   3.0122896e+02
   3.0070572e+02
   3.0336719e+02
   3.0806506e+02
   3.1285015e+02
   3.1365673e+02
   3.2524514e+02
   3.1478963e+02
   2.9877559e+02
   3.1580836e+02
   3.1243088e+02
   3.1568856e+02
   3.1872653e+02
   3.1525854e+02
   3.1724703e+02
   3.1745596e+02
   3.1512957e+02
   3.0441487e+02
   3.1854681e+02
   3.1484112e+02
   3.2446763e+02
   3.1732856e+02
   3.1763057e+02
   3.2383577e+02
   3.1938316e+02
   3.2136793e+02
   3.1340643e+02
   3.2075653e+02
   3.1293568e+02
   3.2026955e+02
   3.1653420e+02
   3.1474865e+02
   3.2613398e+02
   3.2004641e+02
   3.2078248e+02
   3.2197211e+02
   3.2040700e+02
   3.2541578e+02
   3.1871284e+02
   3.2582182e+02
   3.1835349e+02
   3.3351117e+02
   3.3126455e+02
   3.2073477e+02
   3.2029187e+02
   3.1974270e+02
   3.1251850e+02
   3.2171092e+02
   3.2438542e+02
   3.2543857e+02
   3.2545271e+02
   3.2791413e+02
   3.2892511e+02
   3.3486800e+02
   3.3121584e+02
   3.1498721e+02
   3.2668117e+02
   3.1776723e+02
   3.2515503e+02
   3.1877547e+02
   3.2545535e+02
   3.2476575e+02
   3.3001021e+02
   3.3448983e+02
   3.3159455e+02
   3.3427132e+02
   3.2606567e+02
   3.2244498e+02
   3.2463174e+02
   3.3058589e+02
   3.3154187e+02
   3.2735116e+02
   3.3151512e+02
   3.3058207e+02
   3.2025453e+02
   3.2793305e+02
   3.3043195e+02
   3.2650700e+02
   3.2937993e+02
   3.3121474e+02
   3.3429790e+02
   3.4018754e+02
   3.3236789e+02
   3.2630396e+02
   3.3969951e+02
   3.2790122e+02
   3.3762417e+02
   3.2813325e+02
   3.3925341e+02
   3.3692575e+02
   3.3457403e+02
   3.2821463e+02
   3.2779873e+02
   3.3977276e+02
   3.3362087e+02
   3.3386574e+02
   3.3432366e+02
   3.3865485e+02
   3.3141419e+02
   3.3642233e+02
   3.3315101e+02
   3.3682894e+02
   3.3922967e+02
   3.3531844e+02
   3.3854069e+02
   3.4107738e+02
   3.3044606e+02
   3.4814964e+02
   3.3726905e+02
   3.3865560e+02
   3.3955219e+02
   3.4232625e+02
   3.3132563e+02
   3.3846405e+02
   3.5001126e+02
   3.5158289e+02
   3.4527932e+02
   3.2842592e+02
   3.4237213e+02
   3.4076471e+02
   3.4921917e+02
   3.4787151e+02
   3.4921265e+02
   3.3940989e+02
   3.4316004e+02
   3.4965824e+02
   3.4515208e+02
   3.4612107e+02
   3.3788296e+02
   3.4915684e+02
   3.4058547e+02
   3.5181837e+02
   3.5406012e+02
   3.4350249e+02
   3.5114972e+02
   3.5447857e+02
   3.5490789e+02
   3.4338977e+02
   3.4840940e+02
   3.5052570e+02
   3.4716527e+02
   3.3565252e+02
   3.4373598e+02
   3.4597842e+02
   3.4771763e+02
   3.5216066e+02
   3.5520711e+02
   3.4647776e+02
   3.5049909e+02
   3.4430914e+02
   3.4696026e+02
   3.4647278e+02
   3.3623068e+02
   3.4761660e+02
   3.5062264e+02
   3.5136522e+02
   3.4516402e+02
   3.4818078e+02
   3.4405516e+02
   3.4625239e+02
   3.5402575e+02
   3.5216695e+02
   3.5694170e+02
   3.4826307e+02
   3.4585909e+02
   3.5756121e+02
   3.5814832e+02
   3.5105875e+02
   3.5142622e+02
   3.5737722e+02
   3.4378525e+02
   3.5687148e+02
   3.5449796e+02
   3.4761039e+02
   3.5098664e+02
   3.4883612e+02
   3.4820573e+02
   3.5349456e+02
   3.5443339e+02
   3.5044557e+02
   3.4081130e+02
   3.6075038e+02
   3.5810797e+02
   3.5454959e+02
   3.5363701e+02
   3.5691733e+02
   3.4751143e+02
   3.5350417e+02
   3.5072868e+02
   3.4479698e+02
   3.4617199e+02
   3.5478821e+02
   3.5652581e+02
   3.5094274e+02
   3.5116791e+02
   3.5454471e+02
   3.5647071e+02
   3.6082511e+02
   3.5219291e+02
   3.5022416e+02
   3.5624850e+02
   3.6003837e+02
   3.5489412e+02
   3.6297934e+02
   3.6132708e+02
   3.4721994e+02
   3.5051354e+02
   3.6014283e+02
   3.6213517e+02
   3.5964381e+02
   3.5910660e+02
   3.5229465e+02
   3.5914287e+02
   3.6426187e+02
   3.5284177e+02
   3.6826026e+02
   3.6105711e+02
   3.7293865e+02
   3.6084761e+02
   3.6657049e+02
   3.5863055e+02
   3.5941997e+02
   3.6373897e+02
   3.7201856e+02
   3.5515194e+02
   3.5711175e+02
   3.6412987e+02
   3.6838871e+02
   3.5309725e+02
   3.5768067e+02
   3.6614365e+02
   3.6249904e+02
   3.6631533e+02
   3.6596118e+02
   3.6566886e+02
   3.5689024e+02
   3.6022518e+02
   3.6944614e+02
   3.6757151e+02
   3.6738589e+02
   3.6659877e+02
   3.7306271e+02
   3.6967505e+02
   3.6041404e+02
   3.6790473e+02
   3.6506353e+02
   3.6219950e+02
   3.7300423e+02
   3.6819991e+02
   3.7397138e+02
   3.6963936e+02
   3.5967651e+02
   3.6635696e+02
   3.6165251e+02
   3.5912407e+02
   3.6391461e+02
   3.7294333e+02
   3.6876723e+02
   3.6218883e+02
   3.7924007e+02
   3.7432850e+02
   3.6476423e+02
   3.6788147e+02
   3.5953457e+02
   3.6946426e+02
   3.6736152e+02
   3.7297822e+02
   3.6944130e+02
   3.6665538e+02
   3.6937031e+02
   3.6747662e+02
   3.7285584e+02
   3.5854892e+02
   3.6227621e+02
   3.6639933e+02
   3.7188260e+02
   3.7650714e+02
   3.6872527e+02
   3.6944881e+02
   3.8097573e+02
   3.7153858e+02
   3.7834789e+02
   3.5593720e+02
   3.7324130e+02
   3.6721796e+02
   3.6379664e+02
   3.7379872e+02
   3.7502078e+02
   3.7529155e+02
   3.7122467e+02
   3.8537168e+02
   3.6789120e+02
   3.7531897e+02
   3.6539524e+02
   3.7530010e+02
   3.7219939e+02
   3.6802236e+02
   3.7422908e+02
   3.7351937e+02
   3.7698816e+02
   3.7488727e+02
   3.7993249e+02
   3.7290549e+02
   3.8057632e+02
   3.7737738e+02
   3.7192736e+02
   3.7050301e+02
   3.6865435e+02
   3.6871267e+02
   3.7294448e+02
   3.7620188e+02
   3.7509978e+02
   3.6990208e+02
   3.8122636e+02
   3.7508529e+02
   3.7153172e+02
   3.7715584e+02
   3.7076327e+02
   3.6654496e+02
   3.7148193e+02
   3.7277535e+02
   3.6716682e+02
   3.7578535e+02
   3.6316888e+02
   3.7471863e+02
   3.7087649e+02
   3.7489446e+02
   3.7728075e+02
   3.9028303e+02
   3.7043831e+02
   3.7903792e+02
   3.7682388e+02
   3.7198951e+02
   3.7405178e+02
   3.7574464e+02
   3.7256544e+02
   3.6898915e+02
   3.6546297e+02
   3.7786814e+02
   3.8488431e+02
   3.7479100e+02
   3.7549446e+02
   3.6413504e+02
   3.7533264e+02
   3.7742098e+02
   3.8028837e+02
   3.7128620e+02
   3.8094215e+02
   3.7971002e+02
   3.8000446e+02
   3.7585900e+02
   3.7060435e+02
   3.7494075e+02
   3.7452745e+02
   3.8020359e+02
   3.7771370e+02
   3.7963572e+02
   3.7607877e+02
   3.7875278e+02
   3.7513682e+02
   3.8688932e+02
   3.7609447e+02
   3.7478594e+02
   3.7306471e+02
   3.7947766e+02
   3.8025740e+02
   3.8557609e+02
   3.8060769e+02
   3.7431679e+02
   3.7964269e+02
   3.7548793e+02
   3.7530957e+02
   3.8008413e+02
   3.8136558e+02
   3.8925430e+02
   3.7351245e+02
   3.8771020e+02
   3.8213766e+02
   3.7746968e+02
   3.7066853e+02
   3.8593963e+02
   3.8393350e+02
   3.7565236e+02
   3.8277096e+02
   3.8740802e+02
   3.8217043e+02
   3.7755414e+02
   3.7692488e+02
   3.8418640e+02
   3.8634982e+02
   3.7400527e+02
   3.8942982e+02
   3.8617254e+02
   3.8722858e+02
   3.8065600e+02
   3.7715889e+02
   3.8196089e+02
   3.7486028e+02
   3.7710766e+02
   3.9181077e+02
   3.8391911e+02
   3.9972346e+02
   3.8081627e+02
   3.8644632e+02
   3.9032261e+02
   3.7642074e+02
   3.8685064e+02
   3.7808815e+02
   3.8426612e+02
   3.8639062e+02
   3.8875190e+02
   3.8592917e+02
   3.8316692e+02
   3.7476216e+02
   3.8848568e+02
   3.8320851e+02
   3.8787724e+02
   3.8212901e+02
   3.7979886e+02
   3.8418609e+02
   3.8576239e+02
   3.8505186e+02
   3.7937683e+02
   3.8261627e+02
   3.8849710e+02
   3.8197144e+02
   3.8152345e+02
   3.8194491e+02
   3.8835802e+02
   3.7752960e+02
   3.8590539e+02
   3.8611925e+02
   3.7872578e+02
   3.8865656e+02
   3.9159607e+02
   3.9015576e+02
   3.8722156e+02
   3.8179520e+02
   3.8854274e+02
   3.8190055e+02
   3.8062581e+02
   3.8294987e+02
   3.9114361e+02
   3.9004050e+02
   3.8308801e+02
   3.8510426e+02
   3.8167327e+02
   3.9630510e+02
   3.8663281e+02
   3.8535286e+02
   3.8450536e+02
   3.8224507e+02
   3.9311339e+02
   3.9262030e+02
   3.8266100e+02
   3.7484209e+02
   3.8765888e+02
   3.8515814e+02
   3.8388286e+02
   3.8643130e+02
   3.8525431e+02
   3.9096314e+02
   3.9196303e+02
   3.9322201e+02
   3.8407407e+02
   3.8575549e+02
   3.8937318e+02
   3.8866230e+02
   3.9065671e+02
   3.9034277e+02
   3.8602600e+02
   3.8521895e+02
   3.8265126e+02
   3.9510650e+02
   3.7970737e+02
   3.9631248e+02
   3.7889288e+02
   3.8496750e+02
   3.9260678e+02
   3.8464701e+02
   3.9060237e+02
   3.8887305e+02
   3.8705218e+02
   3.9175722e+02
   3.8682539e+02
   3.8390919e+02
   3.9542460e+02
   3.9426597e+02
   3.8330508e+02
   4.0187746e+02
   3.9191758e+02
   3.8590375e+02
   3.8418384e+02
   3.8986985e+02
   3.8484415e+02
   3.9470723e+02
   3.9011653e+02
   3.9103895e+02
   3.9390927e+02
   3.9991756e+02
   3.8718652e+02
   3.9333169e+02
   3.8821822e+02
   3.8693126e+02
   3.8983196e+02
   3.9188191e+02
   3.9050472e+02
   4.0512740e+02
   3.9379278e+02
   3.9499800e+02
   3.7943109e+02
   3.8878670e+02
   3.8895162e+02
   3.9475615e+02
   3.9334715e+02
   3.8221076e+02
   3.8343213e+02
   3.9453146e+02
   3.9976035e+02
   3.9571161e+02
   3.8950826e+02
   3.9382617e+02
   3.9607766e+02
   3.9273800e+02
   3.9515014e+02
   3.9815173e+02
   3.9342544e+02
   3.9439900e+02
   3.9509909e+02
   3.9428611e+02
   3.9700176e+02
   3.9066409e+02
   3.8694948e+02
   3.9249020e+02
   3.9799952e+02
   3.9778961e+02
   3.9354651e+02
   3.9244973e+02
   3.8854048e+02
   3.9084766e+02
   3.9854416e+02
   3.9294543e+02
   3.9330858e+02
   4.0032724e+02
   3.9281844e+02
   3.9643994e+02
   3.9452214e+02
   3.8954598e+02
   3.8334259e+02
   3.9669544e+02
   3.9422982e+02
   3.9509273e+02
   4.0058839e+02
   4.0131210e+02
   3.9833588e+02
   3.9153349e+02
   3.9455983e+02
   3.9976839e+02
   3.9221436e+02
   3.8841627e+02
   3.8670994e+02
   3.8858440e+02
   3.9394208e+02
   3.9828546e+02
   3.9335195e+02
   3.9426772e+02
   3.9848403e+02
   3.9946756e+02
   4.0552012e+02
   3.9158662e+02
   3.9367385e+02
   3.9584803e+02
   3.9613941e+02
   3.9636876e+02
   3.9485875e+02
   3.9380742e+02
   4.0975498e+02
   3.9787045e+02
   4.0081936e+02
   3.9151967e+02
   3.9228455e+02
   3.9292699e+02
   3.9719770e+02
   3.9642723e+02
   4.0274123e+02
   3.9281848e+02
   3.9809013e+02
   3.9297668e+02
   3.9166454e+02
   3.9922492e+02
   3.9734490e+02
   4.0082101e+02
   3.9378549e+02
   3.9613694e+02
   3.9260722e+02
   4.0268512e+02
   3.9953129e+02
   4.0515775e+02
   3.9996027e+02
   3.9828940e+02
   3.9760270e+02
   3.9124295e+02
   4.0063907e+02
   3.9948523e+02
   3.9796455e+02
   3.9183352e+02
   3.9426455e+02
   3.9709838e+02
   4.0310225e+02
   4.0068904e+02
   3.9872131e+02
   4.0246609e+02
   4.0054006e+02
   3.9781271e+02
   4.0228986e+02
   3.9835163e+02
   3.9514908e+02
   3.9799585e+02
   3.9974665e+02
   3.9355128e+02
   3.9993012e+02
   4.0178758e+02
   3.9600451e+02
   3.9263078e+02
   3.8332872e+02
   3.9607326e+02
   4.0322106e+02
   3.9865562e+02
   3.8883267e+02
   3.9446017e+02
   3.9822744e+02
   3.9785845e+02
   4.0109029e+02
   4.0497564e+02
   3.9757231e+02
   3.9608836e+02
   3.9553895e+02
   4.0026136e+02
   4.0022235e+02
   3.9914447e+02
   3.9429982e+02
   3.9494549e+02
   4.1026615e+02
   3.9623097e+02
   4.0133011e+02
   4.0349937e+02
   3.8753735e+02
   3.9410932e+02
   3.9014749e+02
   3.9199251e+02
   4.0541674e+02
   3.9520075e+02
   4.0061727e+02
   3.9748227e+02
   3.9761352e+02
   3.9545299e+02
   4.0583908e+02
   3.8985011e+02
   3.9097133e+02
   4.0042734e+02
   3.9058026e+02
   4.0616255e+02
   3.9116920e+02
   4.0292178e+02
   3.9831664e+02
   3.9263063e+02
   3.9928576e+02
   4.0526322e+02
   3.9501658e+02
   4.0390893e+02
   3.9513887e+02
   3.9812418e+02
   3.8858874e+02
   4.0469797e+02
   4.0560147e+02
   4.0041643e+02
   3.9309346e+02
   4.0195994e+02
   4.0179562e+02
   3.9225074e+02
   3.9771696e+02
   4.0435531e+02
   4.0164253e+02
   3.9876439e+02
   4.0195765e+02
   4.0289229e+02
   4.0873929e+02
   3.9648193e+02
   4.0079633e+02
   4.0599489e+02
   4.0205217e+02
   3.9636476e+02
   4.0102821e+02
   3.9678554e+02
   3.9896051e+02
   4.0246546e+02
   3.9245517e+02
   4.0210097e+02
   3.9176398e+02
   3.9982317e+02
   4.0596224e+02
   3.9511602e+02
   4.1021089e+02
   3.9966946e+02
   4.0084524e+02
   4.0242705e+02
   4.0010975e+02
   3.9824438e+02
   4.0255405e+02
   3.9950498e+02
   3.9854546e+02
   4.0171346e+02
   4.0606882e+02
   4.0376235e+02
   3.9840940e+02
   4.0508885e+02
   4.0715964e+02
   3.9660889e+02
   4.0508057e+02
   3.9876030e+02
   3.9851240e+02
   3.9466428e+02
   3.9552220e+02
   4.0030679e+02
   3.9331726e+02
   4.0037283e+02
   3.9702441e+02
   3.9739471e+02
   3.9952093e+02
   3.9676466e+02
   4.0106429e+02
   4.0550824e+02
   3.9538499e+02
   3.9961647e+02
   3.9711020e+02
   4.0085240e+02
   3.9047863e+02
   3.9870950e+02
   4.0623073e+02
   4.0579168e+02
   3.9960720e+02
   4.0508582e+02
   3.9787999e+02
   4.0247479e+02
   4.0383048e+02
   4.0546149e+02
   3.9635016e+02
   3.9826645e+02
   3.9261247e+02
   4.0376355e+02
   3.9998245e+02
   3.9992187e+02
   4.0034546e+02
   4.0113416e+02
   4.0063287e+02
   4.0004002e+02
   4.0521755e+02
   3.9640944e+02
   4.0245324e+02
   3.9231177e+02
   4.0464037e+02
   4.0245979e+02
   4.0530212e+02
   4.0539455e+02
   3.9931810e+02
   3.9519887e+02
   4.0297699e+02
   3.9574114e+02
   4.0850035e+02
   4.0967326e+02
   3.9862131e+02
   4.0398399e+02
   3.9481085e+02
   4.0864979e+02
   4.0529570e+02
   4.0742236e+02
   4.0027201e+02
   4.0487018e+02
   4.0359300e+02
   4.0939340e+02
   4.0632026e+02
   4.1997996e+02
   3.9106375e+02
   4.0438664e+02
   4.0863510e+02
   4.0713660e+02
   4.0412222e+02
   3.9654068e+02
   4.0092681e+02
   4.0838649e+02
   4.0504588e+02
   4.0512882e+02
   4.0514618e+02
   4.0429249e+02
   4.0952490e+02
   4.0498200e+02
   4.1333833e+02
   4.0583295e+02
   3.9794239e+02
   4.0026278e+02
   4.0521245e+02
   4.0648532e+02
   3.9885358e+02
   4.0405638e+02
   4.0841094e+02
   4.0584463e+02
   3.9853322e+02
   4.0386961e+02
   4.0662138e+02
   4.0871690e+02
   4.0356166e+02
   3.9582663e+02
   4.0882997e+02
   4.0106571e+02
   4.0782221e+02
   4.0796088e+02
   3.9841318e+02
   4.0458079e+02
   4.0585200e+02
   4.0561500e+02
   4.0453812e+02
   3.9892645e+02
   3.9466093e+02
   4.0448736e+02
   4.0668194e+02
   3.9963258e+02
   4.0358042e+02
   4.0147546e+02
   4.0033332e+02
   4.0023048e+02
   4.0202659e+02
   4.1004006e+02
   4.0328447e+02
   4.0125132e+02
   4.0619234e+02
   3.9875965e+02
   4.0874264e+02
   4.0667184e+02
   4.0159341e+02
   4.0284168e+02
   4.0787165e+02
   4.0864764e+02
   4.0461723e+02
   4.0809298e+02
   4.1075314e+02
   4.0307410e+02
   3.9835708e+02
   3.9806826e+02
   3.9739538e+02
   4.0495642e+02
   4.0005862e+02
   4.0742900e+02
   4.0146734e+02
   4.0060663e+02
   4.0990883e+02
   4.0702935e+02
   4.0145383e+02
   3.9740158e+02
   4.0497803e+02
   3.9610282e+02
   4.0598703e+02
   4.0787275e+02
   4.0361228e+02
   4.0763123e+02
   4.0071321e+02
   4.0748373e+02
   4.0125445e+02
   4.0290798e+02
   4.0703475e+02
   4.0758240e+02
   3.9865009e+02
   4.0686004e+02
   4.0239205e+02
   4.0372876e+02
   3.9526549e+02
   4.1054198e+02
   4.0222503e+02
   4.0627675e+02
   3.9728291e+02
   4.0244806e+02
   4.0695659e+02
   4.0185995e+02
   4.0453126e+02
   3.9962040e+02
   4.0926937e+02
   4.0419992e+02
   4.0199269e+02
   4.0148836e+02
   4.0074435e+02
   4.0415265e+02
   4.0274223e+02
   4.0912336e+02
   4.0038095e+02
   4.0641821e+02
   4.0400639e+02
   4.0100807e+02
   4.0468928e+02
   4.0313248e+02
   4.0372192e+02
   4.0493352e+02
   3.9850558e+02
   4.0602424e+02
   4.0279678e+02
   4.0337391e+02
   4.0317712e+02
   3.9787361e+02
   4.0189092e+02
   4.0308907e+02
   4.0185129e+02
   3.9790772e+02
   4.0902014e+02
   4.0119711e+02
   4.1010129e+02
   4.0634752e+02
   4.1272392e+02
   4.1839258e+02
   3.9955619e+02
   4.0386955e+02
   4.0200739e+02
   4.0563631e+02
   4.1247855e+02
   4.1173520e+02
   4.1277320e+02
   4.0184537e+02
   4.0762682e+02
   4.0730702e+02
   3.9519688e+02
   4.1065579e+02
   3.9922089e+02
   4.1822427e+02
   4.0478403e+02
   3.9804084e+02
   4.0811080e+02
   4.1268953e+02
   4.0838423e+02
   4.1388758e+02
   4.0342602e+02
   4.0490653e+02
   4.0117058e+02
   3.9682048e+02
   3.9908717e+02
   4.0854545e+02
   4.0299112e+02
   4.0377456e+02
   4.0904812e+02
   4.0348073e+02
   4.0732657e+02
   4.1082923e+02
   4.1055095e+02
   4.0710854e+02
   4.0243817e+02
   4.0729144e+02
   4.0685651e+02
   4.0054470e+02
   4.0277398e+02
   4.0941872e+02
   4.0151711e+02
   4.0604312e+02
   4.0665763e+02
   4.0132539e+02
   4.1057985e+02
   3.9520970e+02
   4.0147837e+02
   4.0165740e+02
   4.0937338e+02
   4.0604417e+02
   4.0165887e+02
   4.0362039e+02
   4.1400208e+02
   4.1313999e+02
   4.0570681e+02
   4.0815310e+02
   4.0914228e+02
   4.1029973e+02
   4.1039392e+02
   3.9640110e+02
   4.0776993e+02
   4.0117107e+02
   4.0136852e+02
   4.0372259e+02
   4.1126758e+02
   4.0475671e+02
   4.0313590e+02
   4.0876015e+02
   4.0380212e+02
   4.0932226e+02
   4.0068743e+02
   4.0455911e+02
   4.0923862e+02
   3.9888768e+02
   4.0670364e+02
   4.1387923e+02
   4.0218723e+02
   4.0857988e+02
   4.0813299e+02
   4.0061261e+02
   4.0207151e+02
   4.0806321e+02
   4.0529424e+02
   4.0296255e+02
   4.0818050e+02
   4.1002894e+02
   4.1056019e+02
   4.0812713e+02
   4.0277523e+02
   4.0580881e+02
   4.1478791e+02
   4.1162724e+02
   3.9997233e+02
   4.1651998e+02
   3.9885195e+02
   3.9343096e+02
   4.0770219e+02
   4.1569005e+02
   4.1377398e+02
   4.0760931e+02
   4.0859301e+02
   3.9872638e+02
   4.0790039e+02
   4.0541130e+02
   4.0696916e+02
   4.0625806e+02
   4.1693954e+02
   4.0562545e+02
   4.0963553e+02
   4.0901545e+02
   4.1195056e+02
   4.0329073e+02
   4.0509882e+02
   4.0231267e+02
   4.0529117e+02
   4.0537910e+02
   4.0476102e+02
   4.0891849e+02
   4.0655831e+02
   4.1118941e+02
   4.2260655e+02
   4.0912852e+02
   4.0911675e+02
   4.0300694e+02
   4.0318037e+02
   4.1448131e+02
   4.1164140e+02
   4.1362929e+02
   4.1367838e+02
   4.0898843e+02
   4.1219389e+02
   4.0984433e+02
   3.9728526e+02
   4.0216639e+02
   4.0082152e+02
   3.9999616e+02
   4.1145767e+02
   4.0170803e+02
   4.0452114e+02
   4.0219528e+02
   4.0838807e+02
   4.0809672e+02
   4.0120300e+02
   3.9755094e+02
   4.0715161e+02
   4.0218892e+02
   4.0874546e+02
   4.0549914e+02
   4.0209290e+02
   4.0633375e+02
   4.0833245e+02
   4.1090801e+02
   4.1278770e+02
   4.0650299e+02
   4.1535985e+02
   4.0061680e+02
   4.0861725e+02
   4.0525452e+02
   4.0530571e+02
   4.1275564e+02
   4.0361620e+02
   4.1259100e+02
   4.0987025e+02
   4.0880499e+02
   4.0796337e+02
   4.0349487e+02
   4.0390585e+02
   3.9957610e+02
   4.0524656e+02
   4.1534802e+02
   4.0767331e+02
   4.1075829e+02
   4.1250705e+02
   4.0577934e+02
   4.1506686e+02
   3.9933682e+02
   4.0769688e+02
   4.0007985e+02
   4.0689879e+02
   4.0448648e+02
   4.0782401e+02
   4.1301538e+02
   4.0253076e+02
   4.1007034e+02
   4.0726667e+02
   4.0443534e+02
   4.0038180e+02
   4.1665944e+02
   4.0433988e+02
   4.0951370e+02
   3.9959845e+02
   4.0158725e+02
   4.0345233e+02
   4.0545153e+02
   4.1029600e+02
   4.0471011e+02
   4.0501392e+02
   4.0533237e+02
   4.0494852e+02
   4.0688863e+02
   4.0093160e+02
   4.0638945e+02
   4.0231081e+02
   4.0909828e+02
   4.0508908e+02
   4.1196820e+02
   4.0100381e+02
   4.1284499e+02
   4.1701957e+02
   3.9563259e+02
   4.0326503e+02
   4.0771987e+02
   4.1152326e+02
   4.0738045e+02
   4.0934190e+02
   4.1515496e+02
   4.0511713e+02
   4.0822534e+02
   4.1047134e+02
   4.0536551e+02
   4.0648121e+02
   4.0727524e+02
   4.0918793e+02
   4.2254798e+02
   4.0931054e+02
   4.0845257e+02
   4.0423502e+02
   4.1651732e+02
   4.0857733e+02
   4.0111627e+02
   4.0929887e+02
   4.1555845e+02
   4.1450824e+02
   4.0060107e+02
   4.0854889e+02
   3.9928308e+02
   4.0449532e+02
   4.0097656e+02
   4.1067059e+02
   4.0640216e+02
   4.0902331e+02
   4.0380380e+02
   4.1080360e+02
   4.0643758e+02
   4.0923948e+02
   4.0506066e+02
   4.0236637e+02
   4.0221362e+02
   4.0566574e+02
   4.0011260e+02
   4.0827268e+02
   4.1191379e+02
   4.0853240e+02
   4.0279107e+02
   4.0497582e+02
   4.0429434e+02
   4.0526384e+02
   4.0920503e+02
   4.0146663e+02
   4.0740383e+02
   4.0959876e+02
   4.0704466e+02
   3.9782378e+02
   4.0118223e+02
   4.0615455e+02
   4.1009753e+02
   4.0652972e+02
   4.0599751e+02
   4.1655635e+02
   4.0469835e+02
   3.9972551e+02
   4.0728055e+02
   4.1018472e+02
   4.0948758e+02
   4.0810346e+02
   4.0917077e+02
   4.0505539e+02
   4.0421257e+02
   4.1133053e+02
   4.0330081e+02
   4.0312343e+02
   4.0163217e+02
   4.1181737e+02
   4.1043735e+02
   4.1086030e+02
   4.1977315e+02
   4.1012740e+02
   4.1481394e+02
   4.0979001e+02
   4.0617412e+02
   4.1032112e+02
   4.2069214e+02
   4.0774756e+02
   4.0575873e+02
   4.0904680e+02
   4.0380090e+02
   4.0579709e+02
   4.0655521e+02
   4.1096677e+02
   4.0537790e+02
   4.0951849e+02
   4.0148110e+02
   4.1064070e+02
   3.9783622e+02
   4.0757733e+02
   4.0966414e+02
   4.1206281e+02
   4.0362130e+02
   4.0353974e+02
   4.0801991e+02
   4.0527332e+02
   4.0719709e+02
   3.9882750e+02
   4.1497529e+02
   4.0903829e+02
   4.0656760e+02
   4.0518341e+02
   4.1602432e+02
   4.0703287e+02
   4.0821378e+02
   4.0512091e+02
   4.0509654e+02
   4.0902563e+02
   4.0601267e+02
   4.1914044e+02
   4.1567207e+02
   4.0515857e+02
   4.0758334e+02
   4.1529935e+02
   3.9721236e+02
   4.1267221e+02
   4.1154416e+02
   4.0613839e+02
   4.0588414e+02
   4.0978274e+02
   4.1468827e+02
   4.1101344e+02
   4.0340959e+02
   4.0163920e+02
   4.0470602e+02
   4.0447763e+02
   4.0592024e+02
   4.1217001e+02
   4.0017309e+02
   4.1087727e+02
   4.1180998e+02
   4.1350184e+02
   4.0610110e+02
   4.0916924e+02
   4.1044573e+02
   4.0340050e+02
   4.0594843e+02
   4.0529806e+02
   4.0103614e+02
   4.0914410e+02
   4.1120112e+02
   4.0831917e+02
   4.0930861e+02
   4.0979380e+02
   4.1169079e+02
   4.0430547e+02
   4.0170544e+02
   4.0902042e+02
   4.0993497e+02
   4.0896886e+02
   4.1028037e+02
   4.0791583e+02
   4.0850818e+02
   4.0860025e+02
   4.1589573e+02
   4.0976597e+02
   4.0674971e+02
   4.0349002e+02
   4.1799477e+02
   4.0674625e+02
   4.0955390e+02
   3.9962921e+02
   4.1364840e+02
   4.1086831e+02
   4.0656850e+02
   4.1202300e+02
   4.0588363e+02
   4.0321407e+02
   4.1252614e+02
   4.0283523e+02
   4.0525650e+02
   4.0289358e+02
   4.0602952e+02
   4.1419758e+02
   4.0605039e+02
   4.1456725e+02
   4.0605271e+02
   4.1161841e+02
   4.1095749e+02
   4.1003913e+02
   4.0343600e+02
   4.0885738e+02
   4.0024602e+02
   4.0465542e+02
   4.0391832e+02
   4.1073227e+02
   4.0906832e+02
   4.0881683e+02
   4.0713514e+02
   4.1066644e+02
   4.0416791e+02
   4.0938933e+02
   4.1210832e+02
   4.0701720e+02
   3.9832755e+02
   4.0639503e+02
   4.1077729e+02
   4.1383510e+02
   4.0878525e+02
   4.0109661e+02
   4.1323996e+02
   4.0581787e+02
   4.1428298e+02
   4.2004800e+02
   4.0107788e+02
   4.1396305e+02
   4.1628808e+02
   4.1077570e+02
   4.1716648e+02
   4.1923752e+02
   4.0534378e+02
   4.0276399e+02
   4.0500163e+02
   4.0751949e+02
   4.0797360e+02
   4.0189162e+02
   4.1087319e+02
   4.0361312e+02
   4.1373657e+02
   4.0436587e+02
   4.1134414e+02
   4.1013109e+02
   4.0942967e+02
   3.9925293e+02
   4.1268100e+02
   4.1119109e+02
   4.1355323e+02
   4.1318827e+02
   4.0376741e+02
   4.0014719e+02
   4.1101634e+02
   4.0981043e+02
   4.1103172e+02
   4.1097377e+02
   4.0560754e+02
   4.0612976e+02
   4.0233033e+02
   4.0873030e+02
   4.0154217e+02
   4.1923317e+02
   4.0950689e+02
   4.0780077e+02
   4.1079640e+02
   4.2114403e+02
   4.0815010e+02
   4.0880084e+02
   4.1171165e+02
   4.0817083e+02
   4.0489331e+02
   4.0792170e+02
   4.1502759e+02
   4.1426630e+02
   4.1673878e+02
   4.0834721e+02
   4.1072226e+02
   4.1454144e+02
   4.0377852e+02
   4.1041069e+02
   4.1402904e+02
   4.1240592e+02
   4.0928410e+02
   4.0618163e+02
   4.1162080e+02
   4.1440874e+02
   4.1493970e+02
   4.1038261e+02
   4.0474429e+02
   4.0695220e+02
   4.0770739e+02
   3.9845852e+02
   3.9582391e+02
   4.1643354e+02
   4.1833464e+02
   4.0145643e+02
   4.1581759e+02
   4.0042047e+02
   4.1208267e+02
   4.0788489e+02
   4.1170848e+02
   4.0613562e+02
   4.0613108e+02
   4.1223878e+02
   4.1866456e+02
   4.0949682e+02
   4.2093990e+02
   4.1594391e+02
   4.1261454e+02
   4.0309427e+02
   4.1267056e+02
   4.0511141e+02
   4.0873250e+02
   4.0929392e+02
   4.1845813e+02
   4.0557094e+02
   4.1637382e+02
   4.0476834e+02
   4.1094431e+02
   4.0825359e+02
   4.1547874e+02
   4.0934580e+02
   4.1129875e+02
   4.1869982e+02
   4.0614836e+02
   4.1246424e+02
   4.0791794e+02
   4.0508629e+02
   4.0557784e+02
   4.0511192e+02
   4.1562192e+02
   4.0359458e+02
   4.0853845e+02
   4.0932157e+02
   4.0360401e+02
   4.0021291e+02
   4.1560748e+02
   4.0796116e+02
   4.0670128e+02
   4.1256263e+02
   4.2126803e+02
   4.0355149e+02
   4.1305184e+02
   4.1362153e+02
   4.2282577e+02
   3.9902276e+02
   4.0864927e+02
   4.1115623e+02
   4.0508757e+02
   4.1481679e+02
   4.0651769e+02
   4.0444170e+02
   4.0909930e+02
   4.0894906e+02
   4.0307636e+02
   4.0684451e+02
   4.0755762e+02
   4.1487186e+02
   4.0858570e+02
   4.0934271e+02
   4.1122526e+02
   4.0548033e+02
   4.1047852e+02
   4.0923920e+02
   4.1639540e+02
   4.0984527e+02
   4.0667656e+02
   4.0666618e+02
   4.0852938e+02
   4.1059329e+02
   4.1350582e+02
   4.0639426e+02
   4.1611676e+02
   4.0422215e+02
   4.0915691e+02
   4.0521721e+02
   4.0769869e+02
   4.0469885e+02
   4.0581467e+02
   4.1191270e+02
   4.0377871e+02
   4.1019293e+02
   4.1223722e+02
   4.0410710e+02
   3.9837663e+02
   4.1409796e+02
   4.0271729e+02
   4.1456880e+02
   4.1475771e+02
   4.1415396e+02
   4.1524871e+02
   4.1062084e+02
   4.1447504e+02
   4.1358065e+02
   4.1427468e+02
   4.1567801e+02
   4.0461948e+02
   4.0740898e+02
   4.0954810e+02
   4.0674610e+02
   4.1660675e+02
   4.1110131e+02
   4.0953681e+02
   3.9640904e+02
   4.1236861e+02
   4.1545064e+02
   4.2076987e+02
   4.0730615e+02
   4.1330671e+02
   4.0372567e+02
   4.0717667e+02
   4.0289095e+02
   4.0299386e+02
   4.2059123e+02
   4.2000330e+02
   4.1229870e+02
   4.1339135e+02
   4.1020052e+02
   4.0881913e+02
   4.0987358e+02
   4.1175922e+02
   4.1211388e+02
   4.1042053e+02
   4.1236953e+02
   4.0731561e+02
   4.0646462e+02
   4.0905086e+02
   4.0798157e+02
   4.1952791e+02
   4.1026507e+02
   4.0750838e+02
   4.1484727e+02
   4.1317875e+02
   4.1180326e+02
   4.1381067e+02
   4.1597265e+02
   4.1922905e+02
   4.0496249e+02
   4.0735391e+02
   4.0845014e+02
   4.0637201e+02
   4.1810127e+02
   4.1703966e+02
   4.0987197e+02
   4.0397302e+02
   4.1248614e+02
   4.0309562e+02
   4.0300160e+02
   4.0506315e+02
   4.1394012e+02
   4.1401476e+02
   4.0826017e+02
   4.0523896e+02
   4.0595282e+02
   4.0213862e+02
   4.2344682e+02
   4.0400736e+02
   3.9981307e+02
   4.1055194e+02
   4.1522465e+02
   4.1561765e+02
   4.1363725e+02
   4.0069058e+02
   4.1054017e+02
   4.1073604e+02
   4.1137032e+02
   4.1584670e+02
   4.0800971e+02
   4.1705948e+02
   4.0623698e+02
   4.0642833e+02
   4.1476875e+02
   4.0819382e+02
   4.0505885e+02
   4.1481006e+02
   4.1074366e+02
   4.1068883e+02
   4.0538549e+02
   4.1010556e+02
   4.1039896e+02
   4.0950165e+02
   4.1499426e+02
   4.1178994e+02
   4.0668411e+02
   4.0641847e+02
   4.1185822e+02
   4.2236542e+02
   4.1207368e+02
   4.1566241e+02
   4.0530831e+02
   4.0839871e+02
   4.0911615e+02
   4.0838178e+02
   4.0601214e+02
   4.0339802e+02
   4.1414030e+02
   4.0756158e+02
   4.1926476e+02
   4.0770855e+02
   4.0252739e+02
   4.1305966e+02
   4.0734791e+02
   4.0791476e+02
   4.0732054e+02
   4.1522802e+02
   4.0967114e+02
   4.0861103e+02
   4.0573099e+02
   4.1346567e+02
   4.0817910e+02
   4.0348555e+02
   4.0970505e+02
   4.1376694e+02
   4.0663990e+02
   4.0434341e+02
   4.0884071e+02
   4.1154312e+02
   4.0998048e+02
   4.0944275e+02
   4.0998688e+02
   4.0463932e+02
   4.0251435e+02
   4.1000378e+02
   4.1525338e+02
   4.0368172e+02
   4.1552266e+02
   4.1272785e+02
   4.0725775e+02
   4.1090451e+02
   4.0682043e+02
   4.0485411e+02
   4.0401590e+02
   4.0821658e+02
   4.1321952e+02
   4.1110461e+02
   4.0805125e+02
   4.1106873e+02
   4.1597013e+02
   4.2131058e+02
   4.0705606e+02
   4.1101567e+02
   4.0683907e+02
   4.1092480e+02
   4.0704053e+02
   4.1150851e+02
   4.1303424e+02
   4.1699143e+02
   4.0127765e+02
   4.1368629e+02
   4.0438189e+02
   4.2448518e+02
   4.1309047e+02
   4.0754662e+02
   4.1543505e+02
   4.1018399e+02
   4.1373084e+02
   4.0491096e+02
   4.0866358e+02
   4.1922660e+02
   4.1099880e+02
   4.0135544e+02
   4.0797280e+02
   4.0687829e+02
   4.0422074e+02
   4.1457308e+02
   3.9893841e+02
   4.0609451e+02
   4.1279075e+02
   4.0097736e+02
   4.0689360e+02
   4.0666674e+02
   4.1559396e+02
   4.1032417e+02
   4.0874440e+02
   4.0399902e+02
   4.0329852e+02
   4.0790048e+02
   3.9920554e+02
   4.1434313e+02
   4.1522834e+02
   4.1526888e+02
   4.0821755e+02
   4.1046371e+02
   4.0132334e+02
   4.0485870e+02
   4.0699747e+02
   4.1757366e+02
   4.0698664e+02
   4.0474754e+02
   4.0906289e+02
   4.0891636e+02
   4.0865103e+02
   4.0778517e+02
   4.0984767e+02
   4.1551448e+02
   4.0024226e+02
   4.0342519e+02
   4.1177753e+02
   3.9812958e+02
   4.0666570e+02
   4.0570555e+02
   4.0912723e+02
   4.1030152e+02
   4.0468944e+02
   4.0353452e+02
   4.0184051e+02
   4.0032547e+02
   4.1046622e+02
   4.0669904e+02
   4.1156896e+02
   4.0956058e+02
   3.9563404e+02
   4.1012865e+02
   4.0733146e+02
   4.0964277e+02
   4.0460262e+02
   4.1197669e+02
   4.1248560e+02
   4.0510315e+02
   4.0940191e+02
   4.0834310e+02
   4.0228752e+02
   4.0670789e+02
   4.1078181e+02
   4.1126967e+02
   4.0949904e+02
   4.1119520e+02
   4.1661345e+02
   4.1486705e+02
   4.0398175e+02
   4.0478368e+02
   4.0783876e+02
   4.1272867e+02
   4.1017125e+02
   4.1191764e+02
   4.0533819e+02
   4.0844215e+02
   4.0969461e+02
   4.0470443e+02
   4.0913886e+02
   4.0898343e+02
   4.0351421e+02
   4.2302945e+02
   4.0758871e+02
   4.0999386e+02
   4.1045752e+02
   4.0549231e+02
   4.0981092e+02
   4.0997018e+02
   4.1412818e+02
   4.0606264e+02
   4.1237303e+02
   4.1247382e+02
   4.1166466e+02
   4.1517196e+02
   3.9893267e+02
   4.1414431e+02
   4.1343730e+02
   4.0367610e+02
   4.0911212e+02
   4.0712682e+02
   4.1311617e+02
   4.1606551e+02
   4.1430670e+02
   4.0266366e+02
   4.0652336e+02
   4.2093109e+02
   4.0852300e+02
   4.2007230e+02
   4.0601700e+02
   4.0842038e+02
   4.0911259e+02
   4.0766553e+02
   4.1961876e+02
   4.0874315e+02
   4.0479904e+02
   4.0341329e+02
   4.1257750e+02
   4.1047275e+02
   4.1358029e+02
   4.1339782e+02
   4.0017448e+02
   4.0284135e+02
   4.1277312e+02
   4.0461492e+02
   3.9836440e+02
   4.1019193e+02
   4.1425995e+02
   4.1382455e+02
   4.1463277e+02
   4.1665135e+02
   4.1538808e+02
   3.9880744e+02
   4.1438674e+02
   4.0731917e+02
   4.0543037e+02
   4.0921001e+02
   4.1456155e+02
   4.1081977e+02
   4.0000779e+02
   4.0923932e+02
   4.0570330e+02
   4.1435775e+02
   4.0654457e+02
   4.2544664e+02
   4.0907388e+02
   4.0688918e+02
   4.1624025e+02
   4.0402799e+02
   4.1395275e+02
   4.0715624e+02
   4.0986549e+02
   4.1259969e+02
   4.0894943e+02
   4.1312279e+02
   4.0812211e+02
   4.0631546e+02
   4.0088404e+02
   4.1032481e+02
   4.1331266e+02
   4.1502315e+02
   4.1388546e+02
   4.1262864e+02
   4.1744658e+02
   4.1718828e+02
   4.1304630e+02
   4.0678931e+02
   4.1645179e+02
   4.1509067e+02
   4.0344382e+02
   4.0750947e+02
   4.1273845e+02
   4.0896926e+02
   4.1335813e+02
   4.0521685e+02
   4.1481769e+02
   4.0530732e+02
   4.0369855e+02
   4.1554959e+02
   4.1430738e+02
   4.0700496e+02
   4.1631136e+02
   4.1433857e+02
   4.0811455e+02
   4.1090458e+02
   4.0237409e+02
   4.0772146e+02
   4.1511556e+02
   4.0862061e+02
   4.1187642e+02
   4.1196774e+02
   4.0978193e+02
   4.1022647e+02
   4.1270442e+02
   4.1233242e+02
   3.9767106e+02
   4.0844597e+02
   4.0357823e+02
   4.0850231e+02
   4.0912913e+02
   4.1101267e+02
   4.0161729e+02
   4.0794624e+02
   4.0494069e+02
   4.1202386e+02
   4.0951994e+02
   4.1219208e+02
   4.0706685e+02
   4.1899010e+02
   4.0623036e+02
   4.1225434e+02
   4.0975460e+02
   4.0438033e+02
   4.0619341e+02
   4.1808184e+02
   4.1150162e+02
   4.0607098e+02
   4.1527007e+02
   4.1364281e+02
   4.0020286e+02
   4.1373921e+02
   4.0638590e+02
   4.1993809e+02
   4.1725105e+02
   4.1086510e+02
   4.1813440e+02
   4.0906448e+02
   4.1152389e+02
   4.1389846e+02
   4.0984924e+02
   4.1380952e+02
   4.1044171e+02
   4.0988426e+02
   4.1220863e+02
   4.0888195e+02
   4.0705031e+02
   4.1156316e+02
   4.0549377e+02
   4.0288725e+02
   4.1136532e+02
   4.2043184e+02
   4.1120182e+02
   4.0416513e+02
   4.1179060e+02
   4.1977577e+02
   4.1025122e+02
   4.2161616e+02
   4.1114658e+02
   4.0930641e+02
   4.0913189e+02
   4.1601834e+02
   4.1213454e+02
   4.0677622e+02
   4.1974301e+02
   4.1166398e+02
   4.0845963e+02
   4.0880180e+02
   4.0584187e+02
   4.1779339e+02
   4.1632634e+02
   4.1319751e+02
   4.1230273e+02
   4.0845780e+02
   4.0983363e+02
   4.1041946e+02
   4.1032546e+02
   4.1513306e+02
   4.2058446e+02
   4.0849334e+02
   4.1192709e+02
   4.0824126e+02
   4.1056651e+02
   4.0791719e+02
   4.1283548e+02
   4.1516863e+02
   4.1179465e+02
   4.1108284e+02
   4.1437539e+02
   4.0281918e+02
   4.1077088e+02
   4.1976141e+02
   4.0388917e+02
   4.1327638e+02
   4.0267972e+02
   4.0650855e+02
   4.1016504e+02
   4.0382794e+02
   4.1064378e+02
   4.0955777e+02
   4.0736812e+02
   4.0608753e+02
   4.1283519e+02
   4.0615471e+02
   4.1187212e+02
   4.0749206e+02
   4.1401574e+02
   4.1118662e+02
   4.1183516e+02
   4.1120743e+02
   4.0535946e+02
   4.0937011e+02
   4.0879157e+02
   4.1746690e+02
   4.1900552e+02
   4.1410814e+02
   4.1343055e+02
   4.1485978e+02
   4.2189436e+02
   3.9343285e+02
   4.0946504e+02
   4.0999894e+02
   4.1049175e+02
   4.1292545e+02
   4.1135353e+02
   4.1051584e+02
   4.1255757e+02
   4.0202199e+02
   4.0975045e+02
   4.0859728e+02
   4.0921612e+02
   4.1246576e+02
   4.0250394e+02
   4.0572650e+02
   4.1109638e+02
   4.0750732e+02
   4.0700405e+02
   4.0293568e+02
   4.0719578e+02
   4.1313069e+02
   4.0758148e+02
   4.1239428e+02
   4.1760481e+02
   4.0606309e+02
   4.1364356e+02
   4.0754790e+02
   4.1626292e+02
   4.1193549e+02
   4.1022492e+02
   3.9108435e+02
   4.0934304e+02
   4.0775923e+02
   4.0581926e+02
   3.9970375e+02
   4.1590619e+02
   4.1272962e+02
   4.1036927e+02
   4.0245743e+02
   4.0756627e+02
   4.0548209e+02
   4.1002720e+02
   4.1364061e+02
   4.1450222e+02
   4.1166836e+02
   4.1262192e+02
   4.0691607e+02
   4.0599008e+02
   4.0225162e+02
   4.0738381e+02
   4.1797644e+02
   4.1254251e+02
   4.0474133e+02
   4.0948224e+02
   4.1186345e+02
   4.1437248e+02
   4.0903194e+02
   4.1469378e+02
   4.1149196e+02
   4.1501477e+02
   4.1190911e+02
   4.1431803e+02
   4.0823387e+02
   4.2379653e+02
   4.0638849e+02
   4.1304458e+02
   4.1308815e+02
   4.0650382e+02
   4.0721658e+02
   4.1140317e+02
   4.1462673e+02
   4.1037715e+02
   4.0087798e+02
   4.1304744e+02
   4.0794726e+02
   4.1661293e+02
   4.0307270e+02
   4.0396128e+02
   4.1727965e+02
   4.1149369e+02
   4.0835162e+02
   4.1024890e+02
   4.1194315e+02
   4.1843678e+02
   4.0905505e+02
   4.0511743e+02
   4.0571286e+02
   4.1266516e+02
   4.1210345e+02
   3.9652648e+02
   4.1524397e+02
   4.0580231e+02
   4.0470111e+02
   4.0006022e+02
   4.1122548e+02
   4.1280507e+02
   4.0909527e+02
   4.0300416e+02
   4.0795319e+02
   4.1277537e+02
   4.1011910e+02
   4.1334535e+02
   4.1622353e+02
   4.1139049e+02
   4.1159057e+02
   4.1427221e+02
   4.0807553e+02
   4.0834912e+02
   4.0504901e+02
   4.1038653e+02
   4.0830107e+02
   4.1794527e+02
   4.0959476e+02
   4.1335157e+02
   4.1589936e+02
   4.1357639e+02
   4.1812063e+02
   4.0768610e+02
   4.0549543e+02
   4.0920998e+02
   4.1467848e+02
   4.0820061e+02
   4.1473992e+02
   4.0882477e+02
   4.0495591e+02
   4.2122973e+02
   4.0137501e+02
   4.1935100e+02
   4.1275405e+02
   4.1154245e+02
   4.0813440e+02
   4.0865164e+02
   4.0551853e+02
   4.0966868e+02
   4.0734899e+02
   4.0955245e+02
   4.0473743e+02
   4.1178583e+02
   4.0891804e+02
   4.1364659e+02
   4.0883529e+02
   4.0226572e+02
   4.1423004e+02
   4.0230461e+02
   4.0762152e+02
   4.0496076e+02
   4.1448989e+02
   4.0740012e+02
   4.1668845e+02
   4.0775125e+02
   4.1386131e+02
   4.0615204e+02
   4.1244306e+02
   4.1492897e+02
   4.0417946e+02
   4.1170759e+02
   4.0219218e+02
   4.1176160e+02
   4.0690274e+02
   4.1503287e+02
   4.1221827e+02
   4.1333816e+02
   4.0976514e+02
   4.1375023e+02
   4.1814033e+02
   4.1378932e+02
   4.1497723e+02
   4.1189855e+02
   4.0862043e+02
   4.0627712e+02
   4.0253039e+02
   4.1581047e+02
   4.1039507e+02
   4.0593932e+02
   4.1450701e+02
   4.1598120e+02
   4.0192703e+02
   4.2621837e+02
   4.1205752e+02
   4.0862193e+02
   4.0342046e+02
   4.0571962e+02
   4.0225012e+02
   4.1600367e+02
   4.0953085e+02
   4.1360419e+02
   4.1375170e+02
   4.1284809e+02
   4.0056732e+02
   4.1159759e+02
   4.0296137e+02
   4.1933466e+02
   4.0711909e+02
   4.0527561e+02
   4.0694428e+02
   4.0681464e+02
   4.0934724e+02
   4.0301256e+02
   4.1891562e+02
   4.1355552e+02
   4.0961878e+02
   4.1724799e+02
   4.0325024e+02
   4.2086633e+02
   4.1567488e+02
   4.1002422e+02
   4.1597433e+02
   4.1386187e+02
   4.0667590e+02
   4.0632134e+02
   4.0862285e+02
   4.0900678e+02
   4.0163368e+02
   4.0932325e+02
   4.0465888e+02
   4.0079423e+02
   4.1498727e+02
   4.1021848e+02
   4.0696749e+02
   4.1268452e+02
   4.1608828e+02
   4.0765726e+02
   4.0708155e+02
   4.1233217e+02
   4.1679213e+02
   4.2128872e+02
   4.1078865e+02
   4.0870412e+02
   4.0529965e+02
   4.0588894e+02
   3.9753905e+02
   4.1347536e+02
   4.1179586e+02
   4.1146613e+02
   4.0989010e+02
   4.0696535e+02
   4.0637837e+02
   4.1717220e+02
   4.1151067e+02
   3.9275325e+02
   4.0912212e+02
   4.1221283e+02
   4.1529633e+02
   4.1499957e+02
   4.1100386e+02
   4.0952807e+02
   4.1296071e+02
   4.0521549e+02
   4.0200518e+02
   4.1562770e+02
   4.0943633e+02
   4.0495366e+02
   4.0810693e+02
   4.1356104e+02
   4.0892361e+02
   4.0909059e+02
   4.1436742e+02
   4.1866383e+02
   4.0959700e+02
   4.0801601e+02
   4.0442368e+02
   4.0370690e+02
   3.9266091e+02
   4.2163481e+02
   4.0960891e+02
   4.1060386e+02
   4.0285972e+02
   4.0783640e+02
   4.0824942e+02
   4.1911514e+02
   4.1368204e+02
   4.0953060e+02
   4.1320217e+02
   4.1567068e+02
   4.0460779e+02
   4.0974988e+02
   4.0660240e+02
   4.1124006e+02
   4.0690378e+02
   4.0854301e+02
   4.0983689e+02
   4.1408634e+02
   4.1405768e+02
   4.1006928e+02
   3.9726263e+02
   4.1116004e+02
   4.1099257e+02
   4.0384710e+02
   4.0996793e+02
   4.0473571e+02
   4.0860672e+02
   4.0950333e+02
   4.1377909e+02
   4.1145884e+02
   4.0905741e+02
   4.0044338e+02
   4.0900174e+02
   4.1040508e+02
   4.1283879e+02
   4.1233942e+02
   3.9914577e+02
   4.1182303e+02
   4.0983239e+02
   4.0614218e+02
   4.0069674e+02
   4.1076603e+02
   4.1764377e+02
   4.1197572e+02
   4.2092517e+02
   4.0539855e+02
   4.1072112e+02
   3.9888512e+02
   4.0782956e+02
   4.0644968e+02
   4.1143510e+02
   4.2050765e+02
   4.0631461e+02
   4.1055401e+02
   4.0748941e+02
   4.0687055e+02
   4.0935307e+02
   4.1257493e+02
   4.0332371e+02
   4.0917725e+02
   4.0877041e+02
   4.0095224e+02
   4.0988543e+02
   4.0578942e+02
   4.0822628e+02
   4.1015613e+02
   4.0927429e+02
   4.0970378e+02
   4.1501072e+02
   4.0513724e+02
   4.0374047e+02
   4.0987157e+02
   4.2272807e+02
   4.1220581e+02
   4.1473372e+02
   4.2005750e+02
   4.0486186e+02
   4.1084437e+02
   4.1611555e+02
   4.0257296e+02
   4.0623945e+02
   4.0881771e+02
   4.1206692e+02
   4.1089559e+02
   4.0588926e+02
   4.0108296e+02
   4.1153288e+02
   4.1246648e+02
   4.1686340e+02
   4.1476927e+02
   4.0278370e+02
   4.0197008e+02
   4.1172835e+02
   4.1083479e+02
   4.1475708e+02
   4.1123949e+02
   4.0552611e+02
   4.0847269e+02
   4.0786954e+02
   4.1274200e+02
   4.1484256e+02
   4.0170693e+02
   4.0363421e+02
   4.1056663e+02
   3.9656723e+02
   4.0978368e+02
   4.0284182e+02
   4.1212550e+02
   4.0318899e+02
   4.1358659e+02
   4.1554913e+02
   4.1111729e+02
   4.0748192e+02
   4.1336204e+02
   4.1852444e+02
   4.1037447e+02
   4.1423768e+02
   4.0463794e+02
   4.0838489e+02
   4.0074829e+02
   4.0970721e+02
   3.9547990e+02
   4.0689651e+02
   4.1201493e+02
   4.1284410e+02
   4.1485643e+02
   4.0858123e+02
   4.0890680e+02
   4.0977959e+02
   4.1477331e+02
   4.0956713e+02
   4.1034363e+02
   4.0514694e+02
   4.1153382e+02
   3.9317086e+02
   4.0831145e+02
   4.0703343e+02
   4.0285941e+02
   4.1428523e+02
   4.1102376e+02
   4.1364809e+02
   4.0886521e+02
   4.0686274e+02
   4.2049228e+02
   4.0743921e+02
   4.0383519e+02
   4.2180239e+02
   4.1196058e+02
   4.0531101e+02
   4.1292392e+02
   4.0890025e+02
   4.0848365e+02
   4.0715269e+02
   4.1489368e+02
   4.0882680e+02
   4.1158859e+02
   4.1356683e+02
   4.1415700e+02
   4.1841684e+02
   4.0700318e+02
   4.0199191e+02
   4.0794409e+02
   4.1834655e+02
   4.0964017e+02
   4.1720554e+02
   4.1876699e+02
   4.0765856e+02
   4.0852709e+02
   4.0356460e+02
   4.1093957e+02
   4.0923906e+02
   4.0328355e+02
   4.1105013e+02
   4.1711112e+02
   4.0288991e+02
   4.0877695e+02
   4.0681074e+02
   4.0877202e+02
   4.1345197e+02
   4.2015970e+02
   4.1099892e+02
   4.0960129e+02
   4.0425173e+02
   4.0661763e+02
   4.1542086e+02
   4.1174890e+02
   4.1931025e+02
   4.1447458e+02
   4.0867798e+02
   4.1674434e+02
   4.0950380e+02
   4.1326414e+02
   4.1266979e+02
   4.0780049e+02
   4.1205993e+02
   4.1299331e+02
   4.1949636e+02
   4.0661998e+02
   4.1829859e+02
   4.0172286e+02
   4.0783701e+02
   4.0111190e+02
   4.0979226e+02
   4.1384781e+02
   4.1177050e+02
   4.1212156e+02
   4.0840604e+02
   4.1136397e+02
   4.1112206e+02
   4.0898505e+02
   3.9944681e+02
   4.0388361e+02
   4.1410668e+02
   4.1017084e+02
   4.1190358e+02
   4.0879706e+02
   4.1354844e+02
   4.0530050e+02
   4.1060779e+02
   4.1315083e+02
   4.1213411e+02
   4.1639146e+02
   4.1696266e+02
   4.0735270e+02
   4.1050962e+02
   4.0604615e+02
   4.1363820e+02
   4.1851036e+02
   4.1012351e+02
   4.1265955e+02
   4.1373390e+02
   4.1241052e+02
   4.1426468e+02
   4.0661955e+02
   4.0542604e+02
   4.0519226e+02
   4.0500908e+02
   4.2010837e+02
   4.0923947e+02
   4.1821682e+02
   4.1599155e+02
   4.1361785e+02
   4.0487918e+02
   4.1044349e+02
   4.0916959e+02
   4.0594587e+02
   4.0481220e+02
   4.0450900e+02
   4.0284199e+02
   4.1868638e+02
   4.1520370e+02
   4.0736948e+02
   4.1693839e+02
   4.0821003e+02
   4.0137467e+02
   4.0970659e+02
   3.9886244e+02
   4.0498073e+02
   4.0621238e+02
   4.0838903e+02
   4.0770617e+02
   4.0169579e+02
   4.0890359e+02
   4.0046476e+02
   4.1480017e+02
   4.0882470e+02
   4.1311549e+02
   4.1518807e+02
   4.0974005e+02
   4.1390793e+02
   4.1120703e+02
   4.0869157e+02
   4.0890491e+02
   4.0365065e+02
   4.0418476e+02
   4.0985420e+02
   4.0913368e+02
   4.1536359e+02
   4.1241932e+02
   4.1487032e+02
   4.1381965e+02
   4.1855245e+02
   4.0774287e+02
   4.0585601e+02
   4.1200336e+02
   3.9738862e+02
   4.1789558e+02
   4.0886235e+02
   4.1272933e+02
   4.1095891e+02
   4.0787253e+02
   4.1347594e+02
   4.1851265e+02
   4.0821121e+02
   4.1787352e+02
   4.0415351e+02
   4.1299209e+02
   4.0517853e+02
   4.1171678e+02
   4.0613094e+02
   4.0119173e+02
   4.1354928e+02
   4.0019831e+02
   4.1020875e+02
   4.1698830e+02
   4.0541827e+02
   4.0932360e+02
   4.1518392e+02
   4.0800185e+02
   4.0663246e+02
   4.0942055e+02
   4.0755372e+02
   4.1125276e+02
   4.0648854e+02
   4.0553742e+02
   4.0672489e+02
   4.0995973e+02
   4.1834001e+02
   4.1698654e+02
   4.0984805e+02
   4.0811466e+02
   4.1031119e+02
   4.1213305e+02
   4.1702216e+02
   4.1735677e+02
   4.1520491e+02
   4.1138654e+02
   4.1351512e+02
   4.0758900e+02
   4.1045975e+02
   4.0559837e+02
   4.1886503e+02
   4.0716100e+02
   4.0278853e+02
   4.0800427e+02
   4.1706583e+02
   4.0869515e+02
   4.1757691e+02
   4.0532501e+02
   4.0422886e+02
   4.1033816e+02
   4.1126560e+02
   4.1030027e+02
   4.0892691e+02
   4.1377945e+02
   4.1883901e+02
   4.0564883e+02
   4.1374101e+02
   4.0592518e+02
   4.1138288e+02
   4.0603729e+02
   4.1262892e+02
   4.0834023e+02
   4.1595471e+02
   4.1172372e+02
   4.0095786e+02
   4.0956380e+02
   4.1020565e+02
   4.1604740e+02
   4.1160913e+02
   4.1632353e+02
   4.1639141e+02
   4.0641258e+02
   4.0596378e+02
   4.1673166e+02
   4.1173614e+02
   3.9909823e+02
   4.0338947e+02
   4.1425955e+02
   4.1072246e+02
   4.0989194e+02
   4.0832299e+02
   4.0203509e+02
   4.0741817e+02
   4.0969527e+02
   4.0870446e+02
   4.1212358e+02
   4.0619924e+02
   4.0772284e+02
   4.1429727e+02
   4.0876169e+02
   4.0383348e+02
   4.0017505e+02
   4.1238562e+02
   4.0984956e+02
   4.0481349e+02
   4.1397018e+02
   4.0677658e+02
   4.0743925e+02
   4.0981274e+02
   4.0863749e+02
   4.0391006e+02
   4.0940415e+02
   4.1400477e+02
   4.1156742e+02
   4.1591801e+02
   4.1619567e+02
   4.0713375e+02
   4.0704813e+02
   4.0621186e+02
   4.1093381e+02
   4.0789452e+02
   4.0756382e+02
   4.1563633e+02
   4.0415314e+02
   4.1378947e+02
   4.1395987e+02
   4.0269736e+02
   4.1166470e+02
   4.0059134e+02
   4.1613321e+02
   4.1469139e+02
   4.0446338e+02
   4.1060337e+02
   4.0605778e+02
   4.0130144e+02
   4.0902784e+02
   4.0886030e+02
   4.1539040e+02
   4.0471557e+02
   4.1770115e+02
   4.0652855e+02
   4.1494114e+02
   4.1757514e+02
   4.0531401e+02
   4.1010794e+02
   4.1500981e+02
   4.1160314e+02
   4.0393635e+02
   4.0989566e+02
   4.0657548e+02
   4.0520071e+02
   4.1524805e+02
   4.0992125e+02
   3.9587658e+02
   4.0710383e+02
   4.0825980e+02
   4.1197412e+02
   4.0716608e+02
   4.0861004e+02
   4.0740761e+02
   4.2049613e+02
   4.2056695e+02
   4.1186520e+02
   4.0764314e+02
   4.1147556e+02
   4.1443121e+02
   4.0652272e+02
   4.1508873e+02
   4.1196385e+02
   4.1475890e+02
   4.0997969e+02
   4.0814503e+02
   4.1178808e+02
   4.1115996e+02
   4.1046757e+02
   4.0594333e+02
   4.0913153e+02
   4.0390794e+02
   4.0687719e+02
   4.0769990e+02
   4.0120849e+02
   4.1517945e+02
   4.1130752e+02
   4.1723612e+02
   4.0986981e+02
   4.1623446e+02
   4.0781524e+02
   4.0274426e+02
   4.0584463e+02
   4.0602839e+02
   4.0888899e+02
   4.1929504e+02
   4.0923442e+02
   4.0958223e+02
   4.1003047e+02
   4.0712452e+02
   4.1240918e+02
   4.0796382e+02
   4.1413979e+02
   4.0516837e+02
   4.1267960e+02
   4.1676747e+02
   4.0684081e+02
   4.1075897e+02
   4.0134249e+02
   4.1552775e+02
   4.1362273e+02
   4.1672560e+02
   4.0594891e+02
   4.0607170e+02
   4.1316676e+02
   4.0590641e+02
   4.1322801e+02
   4.0605123e+02
   4.1228386e+02
   4.0676107e+02
   4.0518082e+02
   4.0424781e+02
   4.1083535e+02
   4.0955112e+02
   4.1003397e+02
   4.0003725e+02
   4.0957935e+02
   4.1487680e+02
   4.1324114e+02
   4.1358689e+02
   4.1126261e+02
   4.0883890e+02
   4.0700115e+02
   4.1487867e+02
   4.1288820e+02
   4.1922551e+02
   4.1168556e+02
   4.0475450e+02
   4.0771745e+02
   4.0562672e+02
   4.0488847e+02
   4.1040235e+02
   4.1886112e+02
   4.1688105e+02
   4.1182515e+02
   4.0665778e+02
   4.0161610e+02
   4.1555938e+02
   4.1330556e+02
   4.1323733e+02
   4.0494885e+02
   4.1683438e+02
   4.1353263e+02
   4.0913162e+02
   4.1196440e+02
   4.0968467e+02
   4.0006926e+02
   4.1193484e+02
   4.0773599e+02
   4.1090110e+02
   4.1722467e+02
   4.1169042e+02
   4.1116561e+02
   4.1030685e+02
   4.0907378e+02
   4.0976787e+02
   4.1866365e+02
   4.0885200e+02
   4.0836212e+02
   4.0976404e+02
   4.0220714e+02
   4.1094848e+02
   4.0799600e+02
   4.0795331e+02
   4.1350504e+02
   4.0374007e+02
   4.0859775e+02
   4.0665889e+02
   4.1032826e+02
   4.1269602e+02
   4.0931640e+02
   4.1642192e+02
   4.1452911e+02
   4.1140925e+02
   4.1599944e+02
   4.0846773e+02
   4.0987943e+02
   4.0627804e+02
   4.1527634e+02
   4.1028587e+02
   4.0691492e+02
   4.0702234e+02
   4.1085230e+02
   4.0904760e+02
   4.0579338e+02
   4.0469571e+02
   4.0584649e+02
   4.0893232e+02
   4.1435664e+02
   3.9944835e+02
   3.9984442e+02
   4.0199648e+02
   4.0582778e+02
   4.0891511e+02
   4.0552563e+02
   4.2270143e+02
   4.0936218e+02
   4.0865089e+02
   4.0562095e+02
   4.0577788e+02
   4.0877263e+02
   4.1451702e+02
   4.0605055e+02
   4.1027449e+02
   4.1484568e+02
   4.0694353e+02
   4.1281398e+02
   4.1222281e+02
   4.0912815e+02
   4.2014442e+02
   3.9816059e+02
   4.0506832e+02
   4.0191617e+02
   4.1159179e+02
   4.0484103e+02
   4.0110309e+02
   4.0795447e+02
   4.1473310e+02
   4.1332087e+02
   4.0691536e+02
   4.1709031e+02
   4.0966978e+02
   4.1414457e+02
   4.1763681e+02
   4.1111245e+02
   4.0978986e+02
   4.1532638e+02
   4.1317162e+02
   4.1021609e+02
   4.1092070e+02
   4.0682809e+02
   4.1336187e+02
   4.0643299e+02
   4.0389588e+02
   4.0962875e+02
   4.1184617e+02
   4.1007750e+02
   4.1302010e+02
   4.0735077e+02
   4.0516063e+02
   4.0720873e+02
   4.0369271e+02
   4.1310360e+02
   4.1202780e+02
   4.1464197e+02
   4.0879292e+02
   4.1173816e+02
   4.0330467e+02
   4.0505708e+02
   3.9848418e+02
   4.1090762e+02
   4.1146031e+02
   4.0918866e+02
   4.1380866e+02
   4.1770973e+02
   4.0747559e+02
   4.0421945e+02
   4.0765666e+02
   4.1605100e+02
   4.1574419e+02
   4.0520077e+02
   4.1133503e+02
   4.1386183e+02
   4.1374070e+02
   4.1634979e+02
   4.1507117e+02
   4.1081526e+02
   4.0087710e+02
   4.0752787e+02
   4.1048878e+02
   4.0738778e+02
   4.0916571e+02
   4.1348423e+02
   4.0516781e+02
   4.0383045e+02
   4.1454283e+02
   4.0339577e+02
   4.0723325e+02
   4.0500134e+02
   4.0573016e+02
   4.1532640e+02
   4.0498516e+02
   4.0766520e+02
   4.1990513e+02
   4.0543969e+02
   4.0669330e+02
   4.0684001e+02
   4.1214094e+02
   4.0796904e+02
   4.1453787e+02
   4.1230190e+02
   4.0957481e+02
   4.0789265e+02
   4.1588542e+02
   4.1116057e+02
   4.1538692e+02
   4.1273443e+02
   4.1956433e+02
   4.0764761e+02
   4.1152995e+02
   4.0633550e+02
   4.1379072e+02
   4.1022815e+02
   4.0620472e+02
   4.0314241e+02
   4.0535625e+02
   4.0284766e+02
   4.1126543e+02
   4.0908858e+02
   4.1917336e+02
   4.0945144e+02
   4.1361484e+02
   4.0498805e+02
   4.0984243e+02
   4.0368516e+02
   4.1568636e+02
   4.1638968e+02
   4.0853064e+02
   4.1202886e+02
   4.0143062e+02
   4.0525444e+02
   4.0805465e+02
   4.1137508e+02
   4.1646930e+02
   4.0194329e+02
   4.1319939e+02
   3.9988094e+02
   4.1353815e+02
   4.0086850e+02
   4.0402984e+02
   4.0555504e+02
   4.1416156e+02
   4.1178579e+02
   4.1206674e+02
   4.1183150e+02
   4.0832891e+02
   4.1171530e+02
   4.1195956e+02
   4.1372822e+02
   4.0444648e+02
   4.1256508e+02
   4.0841231e+02
   4.0797055e+02
   4.1937119e+02
   4.0727007e+02
   4.0833166e+02
   4.0463165e+02
   4.1030184e+02
   4.2164732e+02
   4.1524893e+02
   4.1133069e+02
   4.0578951e+02
   4.0947098e+02
   4.1020303e+02
   4.1418624e+02
   4.1205672e+02
   4.1491343e+02
   4.0783796e+02
   4.1915413e+02
   4.0911941e+02
   4.0599608e+02
   4.0981020e+02
   4.1244299e+02
   4.1167183e+02
   4.0680811e+02
   4.0943661e+02
   4.0683424e+02
   4.0690099e+02
   4.1093543e+02
   4.0168923e+02
   4.1145230e+02
   4.1053470e+02
   4.0910389e+02
   4.0790333e+02
   4.0483642e+02
   4.1763195e+02
   4.1546186e+02
   4.0956656e+02
   4.1336372e+02
   4.0854799e+02
   4.0754238e+02
   4.0803129e+02
   4.1522123e+02
   4.0637669e+02
   4.0332971e+02
   4.1096290e+02
   4.0951681e+02
   4.1066806e+02
   4.0831364e+02
   4.1396268e+02
   4.0113835e+02
   4.0829429e+02
   4.1013472e+02
   4.0735358e+02
   4.1163885e+02
   3.9426282e+02
   4.2006683e+02
   4.1302996e+02
   4.1391250e+02
   4.1561618e+02
   4.0660766e+02
   4.0662360e+02
   4.1603578e+02
   4.2024598e+02
   4.1664733e+02
   4.1404200e+02
   4.1580325e+02
   4.1509847e+02
   4.1072479e+02
   4.1537011e+02
   4.1684156e+02
   4.1055564e+02
   4.1459460e+02
   4.1392537e+02
   4.0749757e+02
   4.0176619e+02
   4.1118257e+02
   4.0057428e+02
   4.1451405e+02
   4.0705933e+02
   4.0638333e+02
   4.1652668e+02
   4.0608553e+02
   4.0309948e+02
   4.2101380e+02
   4.1236299e+02
   3.9896705e+02
   4.1323069e+02
   4.1488413e+02
   4.0543756e+02
   4.0920366e+02
   3.9786915e+02
   4.1123935e+02
   4.1497960e+02
   4.1861590e+02
   4.1170218e+02
   4.1076956e+02
   4.1391742e+02
   4.1070162e+02
   4.0091852e+02
   4.1045337e+02
   4.1536948e+02
   4.0768087e+02
   4.0450902e+02
   4.1811891e+02
   4.1088837e+02
   4.1188161e+02
   4.1220907e+02
   4.1459227e+02
   4.0498438e+02
   4.1137633e+02
   4.1372505e+02
   4.1500246e+02
   4.1042650e+02
   4.1290027e+02
   4.1110676e+02
   4.1519778e+02
   4.1699957e+02
   4.0758133e+02
   4.0649764e+02
   4.0817896e+02
   4.1706679e+02
   4.1519539e+02
   4.0770132e+02
   4.1061147e+02
   4.1593351e+02
   4.1427731e+02
   4.0811627e+02
   4.0362010e+02
   4.1219440e+02
   4.0994384e+02
   4.0359836e+02
   4.0550985e+02
   4.0869050e+02
   4.1107495e+02
   4.1110079e+02
   4.1146145e+02
   4.1051570e+02
   4.0889223e+02
   4.1012496e+02
   4.0347691e+02
   4.1438600e+02
   4.0354071e+02
   4.0923538e+02
   4.1256261e+02
   4.1526135e+02
   4.0923192e+02
   4.1336466e+02
   4.1832075e+02
   4.0519293e+02
   4.1028900e+02
   4.0565574e+02
   4.1210131e+02
   4.1327409e+02
   4.0925272e+02
   4.1442134e+02
   4.1481290e+02
   4.1038118e+02
   4.1153145e+02
   4.1345925e+02
   4.1445314e+02
   4.1852295e+02
   4.1578615e+02
   4.0803877e+02
   4.1106054e+02
   4.1204365e+02
   4.1293517e+02
   4.0839628e+02
   4.1000039e+02
   4.0691487e+02
   4.1228941e+02
   4.0221262e+02
   4.1476838e+02
   4.1106551e+02
   4.0429259e+02
   4.0134191e+02
   4.0207026e+02
   4.1146597e+02
   4.1123271e+02
   4.1235640e+02
   4.0456777e+02
   4.0799316e+02
   4.1727288e+02
   4.1061579e+02
   4.1159843e+02
   4.1267948e+02
   4.1943300e+02
   4.1065699e+02
   4.1418201e+02
   4.0864892e+02
   4.0166563e+02
   4.0919839e+02
   4.1497048e+02
   4.0875166e+02
   4.0921860e+02
   4.0029630e+02
   4.0592836e+02
   4.1649553e+02
   4.0946533e+02
   4.0597017e+02
   4.0233741e+02
   4.1518993e+02
   4.0167492e+02
   4.1017427e+02
   4.0694959e+02
   4.1029688e+02
   4.0411588e+02
   4.1651731e+02
   4.1359365e+02
   4.1240716e+02
   4.0835874e+02
   4.0922143e+02
   4.1039016e+02
   4.0287471e+02
   4.1231498e+02
   4.0663780e+02
   4.0877627e+02
